double time[] = {0.0000, 0.1282, 0.2565, 0.3847, 0.5129, 0.6411, 0.7694, 0.8976, 1.0258, 1.1541, 1.2823, 1.4105, 1.5387, 1.6670, 1.7952, 1.9234, 2.0517, 2.1799, 2.3081, 2.4363, 2.5646, 2.6928, 2.8210, 2.9493, 3.0775, 3.2057, 3.3339, 3.4622, 3.5904, 3.7186, 3.8468, 3.9751, 4.1033, 4.2315, 4.3598, 4.4880, 4.6162, 4.7444, 4.8727, 5.0009, 5.1291, 5.2574, 5.3856, 5.5138, 5.6420, 5.7703, 5.8985, 6.0267, 6.1550, 6.2832, }; // s
double in[] = {0.0000, 0.1206, 0.2283, 0.3255, 0.4140, 0.4954, 0.5706, 0.6406, 0.7060, 0.7674, 0.8252, 0.8798, 0.9317, 0.9809, 1.0279, 1.0728, 1.1157, 1.1568, 1.1964, 1.2344, 1.2710, 1.3064, 1.3405, 1.3735, 2.4055, 2.4364, 2.4665, 2.4956, 2.5240, 2.5515, 2.5783, 2.6044, 2.6299, 2.6547, 2.6789, 2.7026, 2.7257, 2.7482, 2.7703, 2.7919, 2.8131, 2.8338, 2.8540, 2.8739, 2.8934, 2.9125, 2.9313, 2.9497, 2.9678, 2.9856, };

out[0] = {90.760900, 0.000000i}
out[1] = {-6.942832, 29.031561i}
out[2] = {-1.381942, 7.603193i}
out[3] = {-3.606635, 9.912734i}
out[4] = {-0.530108, 4.282546i}
out[5] = {-3.081068, 5.517752i}
out[6] = {-0.466683, 3.181135i}
out[7] = {-2.786024, 3.461640i}
out[8] = {-0.581967, 2.651463i}
out[9] = {-2.521699, 2.238678i}
out[10] = {-0.771121, 2.321997i}
out[11] = {-2.255948, 1.431542i}
out[12] = {-0.997288, 2.060402i}
out[13] = {-1.990435, 0.878040i}
out[14] = {-1.235061, 1.808043i}
out[15] = {-1.734732, 0.501150i}
out[16] = {-1.465754, 1.538900i}
out[17] = {-1.501311, 0.254612i}
out[18] = {-1.672882, 1.240827i}
out[19] = {-1.304482, 0.107145i}
out[20] = {-1.841079, 0.912365i}
out[21] = {-1.154372, 0.031643i}
out[22] = {-1.959977, 0.558537i}
out[23] = {-1.061014, 0.003899i}
out[24] = {-2.021589, 0.188200i}
out[25] = {-1.028900, 0.000000i}

###############







signal = [0.0000, 0.1206, 0.2283, 0.3255, 0.4140, 0.4954, 0.5706, 0.6406, 0.7060, 0.7674, 0.8252, 0.8798, 0.9317, 0.9809, 1.0279, 1.0728, 1.1157, 1.1568, 1.1964, 1.2344, 1.2710, 1.3064, 1.3405, 1.3735, 2.4055, 2.4364, 2.4665, 2.4956, 2.5240, 2.5515, 2.5783, 2.6044, 2.6299, 2.6547, 2.6789, 2.7026, 2.7257, 2.7482, 2.7703, 2.7919, 2.8131, 2.8338, 2.8540, 2.8739, 2.8934, 2.9125, 2.9313, 2.9497, 2.9678, 2.9856]
fft(signal)
array([90.7609    +0.00000000e+00j, -6.94283157+2.90315606e+01j,
       -1.38194159+7.60319315e+00j, -3.60663502+9.91273378e+00j,
       -0.53010839+4.28254596e+00j, -3.08106826+5.51775158e+00j,
       -0.46668266+3.18113525e+00j, -2.78602396+3.46164021e+00j,
       -0.58196676+2.65146310e+00j, -2.52169878+2.23867844e+00j,
       -0.77112074+2.32199699e+00j, -2.25594805+1.43154234e+00j,
       -0.9972882 +2.06040177e+00j, -1.99043457+8.78040070e-01j,
       -1.23506064+1.80804263e+00j, -1.73473174+5.01150025e-01j,
       -1.46575396+1.53890003e+00j, -1.5013112 +2.54611579e-01j,
       -1.67288214+1.24082692e+00j, -1.30448153+1.07144951e-01j,
       -1.84107926+9.12364902e-01j, -1.15437171+3.16431759e-02j,
       -1.95997711+5.58537199e-01j, -1.0610136 +3.89885179e-03j,
       -2.02158854+1.88200366e-01j, -1.0289    +4.44089210e-16j,
       -2.02158854-1.88200366e-01j, -1.0610136 -3.89885179e-03j,
       -1.95997711-5.58537199e-01j, -1.15437171-3.16431759e-02j,
       -1.84107926-9.12364902e-01j, -1.30448153-1.07144951e-01j,
       -1.67288214-1.24082692e+00j, -1.5013112 -2.54611579e-01j,
       -1.46575396-1.53890003e+00j, -1.73473174-5.01150025e-01j,
       -1.23506064-1.80804263e+00j, -1.99043457-8.78040070e-01j,
       -0.9972882 -2.06040177e+00j, -2.25594805-1.43154234e+00j,
       -0.77112074-2.32199699e+00j, -2.52169878-2.23867844e+00j,
       -0.58196676-2.65146310e+00j, -2.78602396-3.46164021e+00j,
       -0.46668266-3.18113525e+00j, -3.08106826-5.51775158e+00j,
       -0.53010839-4.28254596e+00j, -3.60663502-9.91273378e+00j,
       -1.38194159-7.60319315e+00j, -6.94283157-2.90315606e+01j])